0 1 10 11
0 2 12 13
0 3 10 11
0 4 12 13
0 5 10 11
0 6 12 13
0 7 10 11
1 0 12 13
1 2 10 11
1 3 12 13
1 4 10 11
1 5 12 13
1 6 10 11
1 7 12 13
2 0 10 11
2 1 12 13
2 3 10 11
2 4 12 13
2 5 10 11
2 6 12 13
2 7 10 11
3 0 12 13
3 1 10 11
3 2 12 13
3 4 10 11
3 5 12 13
3 6 10 11
3 7 12 13
4 0 10 11
4 1 12 13
4 2 10 11
4 3 12 13
4 5 10 11
4 6 12 13
4 7 10 11
5 0 12 13
5 1 10 11
5 2 12 13
5 3 10 11
5 4 12 13
5 6 10 11
5 7 12 13
6 0 10 11
6 1 12 13
6 2 10 11
6 3 12 13
6 4 10 11
6 5 12 13
6 7 10 11
7 0 12 13
7 1 10 11
7 2 12 13
7 3 10 11
7 4 12 13
7 5 10 11
7 6 12 13
